       31380           0           0   1.00000000E+10
           0           4           4   2.13265991    
           0          12           6   6.03856373    
           0           2           8   2.24783540    
           0          10           2   3.15318561    
           0          12          16   10.9787664    
           0           5           4   2.56154180    
           0          12           6   11.4804564    
           0           3           5   1.91672182    
           4           1          10   3.16370821    
           0           1           6   8.27615261    
           1          12           4   7.04010153    
           0           2           7   2.68198514    
           0           6           6   2.39886880    
           0           8           4   2.28138185    
       31380           0           0   1.00000000E+10
           0           5           5   2.40184069    
           0           7           4   2.28986049    
           0           9           4   1.75646234    
           5          10           4   3.26006222    
           0          12           2   3.53029060    
           0           1           8   6.25845528    
           7           2           6   2.99425578    
           0          12           4   9.56047916    
           1          10           2   2.65223336    
           0          12           5   6.84540415    
          22           2           9   3.04538250    
          24           1           9   2.56064010    
          28           1           4   3.45275164    
          28           1           6   2.88302612    
          28           1           6   2.60680342    
           4           0           4   3.12138391    
          28           1          10   2.61184645    
           0           1           6   3.65113783    
           4           0           4   7.02971649    
           6           1           7   3.99241114    
          23           1          12   2.36391020    
          26           1          14   2.19946885    
          18           1          11   2.60575390    
          22           1          14   4.76818657    
          20           2          11   3.42493629    
          19           1          14   2.34728193    
          23           1          14   2.00473523    
          18           2          12   2.82301998    
          17           1          14   2.23111010    
       31380           0           0   1.00000000E+10
          18           1          16   2.42572570    
          16           1          16   1.84763122    
          17           1          18   2.01344132    
          16           1          18   2.46395350    
          16           1          18   2.59046292    
          15           1          18   2.23439503    
          15           1          18   1.99826837    
          13           1          18   2.21651530    
          13           1          18   2.02383733    
          13           1          18   2.15697336    
          14           1          18   2.05716491    
          13           1          18   2.15553164    
          13           1          18   3.18047047    
          13           1          18   1.94981849    
          13           1          18   1.84175038    
          13           1          18   2.03131104    
          13           1          18   1.61672556    
          12           1          18   1.82063234    
          13           1          18   1.95374835    
          13           1          18   1.78233039    
          12           1          18   2.07597756    
          12           1          18   1.89325655    
          12           1          18   1.98214543    
          12           1          18   2.22755504    
          12           1          18   1.64742076    
          12           1          18   1.98351097    
          12           1          18   1.87629616    
          12           1          18   1.98142481    
          13           1          18   1.89550114    
          13           1          18   1.94341767    
          13           1          18   1.85904324    
          12           1          18   1.86527669    
          13           1          18   1.89226305    
          13           1          18   1.92049861    
          13           1          18   1.61166620    
          13           1          18   1.75483263    
          13           1          18   2.18120360    
          13           1          18   2.21178126    
          13           1          17   2.19029307    
          12           1          17   2.81724834    
          10           1          14   2.59632587    
           6           1          12   2.60780644    
           4           2          10   2.26070237    
          28           0           0   1.60035431    
           6           1          14   2.13391113    
           0           1          16   3.15838885    
           2           1          14   1.89203811    
           0           2          12   2.53312755    
           2           1          14   2.11178422    
           0           2          10   2.04908323    
       31380           0           0   1.00000000E+10
       31380           0           0   1.00000000E+10
           0           2          10   1.84747910    
           0           1          12   2.27213788    
           2           2           9   2.48492742    
       31380           0           0   1.00000000E+10
           0          12           6   16.7062111    
           0           2          10   2.68336987    
           0           2          10   2.09618902    
           0           2           9   2.01229477    
           0           2           9   1.94945431    
           0           2           8   2.46469402    
           0           3           5   2.52956462    
           0           2           8   2.13563681    
