10,
11,
13,
20,
21,
22,
25,
30,
31,
32,
40,
41,
42,
43,
45,
50,
53,
57,
61,
70,
71,
72,
73,
74,
75,
76,
80,
85,
91,
92,
95,
100,
120,
170,
180,
210,
211,
212,
310,
311,
312,
320,
321,
322,
820,
830,
840,
841,
845,
861,
870,
900,
910,
911,
1040,
1140,
1180,
1210,
1215,
1220,
1221,
1230,
1240,
1245,
1254,
1270,
1275,
1285,
1310,
1320,
1340,
1375,
1390,
1395,
1400,
1539,
1540,
1560,
1620,
1750,
1775,
1780,
1781,
1782,
1783,
1784,
1785,
1786,
1787,
1788,
1790,
1791,
1792,
1793,
1794,
2090,
2200,
2550,
2890,
2900,
2930,
2950,
2951,
2952,
3000,
3010,
3320,
4470,
4473,
4480,
4481,
5000,
5005,
5015,
5020,
5060,
5140,
5145,
5150,
5160,
5190,
5240,
5292,
5300,
5340,
5360,
5362,
5370,
5380,
5430,
5460,
5465,
5470,
5475,
5480,
5510,
5535,
5540,
5545,
5546,
5547,
5548,
5549,
5550,
5551,
5552,
5553,
5554,
5555,
5556,
5557,
5600,
5700,
5720,
5860,
5900,
5950,
5980,
6205,
6206,
6300,
6320,
6330,
6340,
6350,
6360,
6370,
6380,
7190,
7191,
7192,
7200,
7201,
7202,
7203,
7204,
7205,
7206,
7240,
7580,
7600,
7602,
7603,
7604,
7605,
7606,
7607,
7608,
7609,
7610,
7611,
7612,
7613,
7614,
7800,
8000,
8001,
8002,
8010,
8020,
8100,
8105,
8250,
8255,
8300,
8400,
